:START_ID(Product),:END_ID(Supplier),:TYPE
1,5,SUPPLIED_BY
2,11,SUPPLIED_BY
3,3,SUPPLIED_BY
4,10,SUPPLIED_BY
5,3,SUPPLIED_BY
6,14,SUPPLIED_BY
7,2,SUPPLIED_BY
8,4,SUPPLIED_BY
9,2,SUPPLIED_BY
10,11,SUPPLIED_BY
